# ch1,ch2,ch3,ch4,ch5,ch6,ch7,ch8,ch9,ch10,ch11,ch12,ch13,ch14,ch15,ch16,ch17,ch18,ch19,ch20,ch21,ch22,ch23,ch24,ch25,ch26,ch27,ch28,ch29,ch30,ch31,ch32,ch33,ch34,ch35,ch36,ch37,ch38,ch39,ch40,ch41,ch42,ch43,ch44,ch45,ch46,ch47,ch48,ch49,ch50,ch51,ch52,ch53,ch54,ch55,ch56,ch57,ch58,ch59,ch60,ch61,ch62,ch63,ch64,ch65,ch66,ch67,ch68,ch69,ch70,ch71,ch72,ch73,ch74,ch75,ch76,ch77,ch78,ch79,ch80,ch81,ch82,ch83,ch84,ch85,ch86,ch87,ch88,ch89,ch90,ch91,ch92,ch93,ch94,ch95,ch96,ch97,ch98,ch99,ch100,ch101,ch102,ch103,ch104,ch105,ch106,ch107,ch108,ch109,ch110,ch111,ch112,ch113,ch114,ch115,ch116,ch117,ch118,ch119,ch120,ch121,ch122,ch123,ch124,ch125,ch126,ch127,ch128,ch129,ch130,ch131,ch132,ch133,ch134,ch135,ch136,ch137,ch138,ch139,ch140,ch141,ch142,ch143,ch144,ch145,ch146,ch147,ch148,ch149,ch150,ch151,ch152,ch153,ch154,ch155,ch156,ch157,ch158,ch159,ch160,ch161
1.000000,0.095695,0.161210,0.159198,0.121046,0.177972,0.166173,0.168199,0.076274,0.031607,0.110329,0.000000,0.026207,0.157461,0.000000,0.110756,0.054133,0.000000,0.000000,0.061824,0.036636,0.010279,0.076841,0.000000,0.064531,0.000000,0.000000,0.000000,0.022350,0.064194,0.021398,0.000000,0.022350,0.000000,0.091502,0.136279,0.123542,0.000000,0.023440,0.000000,0.025425,0.099499,0.024708,0.065575,0.070321,0.061676,0.038278,0.044699,0.152503,0.000000,0.123888,0.106752,0.020966,0.127071,0.083863,0.053776,0.114834,0.095793,0.000000,0.066381,0.072148,0.068022,0.064194,0.000000,0.084385,0.137647,0.152734,0.208947,0.072627,0.169450,0.109291,0.127123,0.115607,0.000000,0.058238,0.028017,0.000000,0.062204,0.018828,0.183450,0.042796,0.103973,0.038421,0.083397,0.058148,0.188691,0.175824,0.064194,0.236043,0.058148,0.082041,0.000000,0.064194,0.027067,0.026207,0.090432,0.077349,0.088950,0.000000,0.068727,0.051614,0.000000,0.000000,0.000000,0.060523,0.054745,0.000000,0.131794,0.120879,0.165260,0.134097,0.091502,0.052414,0.066671,0.026207,0.065012,0.145578,0.121549,0.073395,0.018828,0.040349,0.070877,0.012529,0.140642,0.000000,0.148250,0.034943,0.000000,0.035382,0.094821,0.070321,0.098094,0.127738,0.000000,0.000000,0.000000,0.000000,0.156615,0.165176,0.087863,0.211830,0.033254,0.000000,0.031607,0.000000,0.094821,0.042796,0.030261,0.000000,0.126428,0.079243,0.056033,0.011112,0.000000,0.000000,0.014399,0.036919,0.036558,0.000000,0.000000,0.022875
0.095695,1.000000,0.124787,0.121304,0.052705,0.000000,0.062017,0.053262,0.022140,0.082572,0.144115,0.000000,0.068465,0.122687,0.062828,0.120561,0.157135,0.000000,0.000000,0.074028,0.063806,0.026854,0.111525,0.023570,0.121756,0.074536,0.098374,0.089514,0.038925,0.111803,0.037268,0.022140,0.038925,0.048412,0.039841,0.076790,0.107583,0.000000,0.122474,0.150000,0.110702,0.147298,0.129099,0.209381,0.163299,0.089514,0.066667,0.038925,0.179284,0.020412,0.141080,0.053121,0.054772,0.055328,0.054772,0.084293,0.100000,0.064882,0.019920,0.077075,0.020943,0.074044,0.037268,0.000000,0.032660,0.071919,0.048365,0.069317,0.115950,0.122967,0.161795,0.022140,0.060404,0.026352,0.040572,0.048795,0.027524,0.065003,0.000000,0.038036,0.049690,0.082311,0.078067,0.130723,0.101274,0.063901,0.057417,0.093169,0.036274,0.025318,0.020412,0.018257,0.055902,0.047140,0.068465,0.078750,0.019245,0.051640,0.000000,0.076948,0.044947,0.000000,0.000000,0.000000,0.052705,0.158910,0.045644,0.081978,0.076556,0.077491,0.077850,0.059761,0.000000,0.038706,0.000000,0.067937,0.084515,0.144338,0.063914,0.000000,0.000000,0.030861,0.043644,0.122474,0.000000,0.103280,0.030429,0.000000,0.123247,0.091747,0.081650,0.105136,0.063564,0.026352,0.025318,0.026352,0.026352,0.059297,0.059933,0.065583,0.151526,0.065156,0.000000,0.000000,0.028868,0.027524,0.000000,0.000000,0.022822,0.027524,0.000000,0.048795,0.058058,0.043033,0.023002,0.025078,0.032150,0.053060,0.036515,0.194625,0.000000
0.161210,0.124787,1.000000,0.178402,0.049326,0.248655,0.116084,0.199393,0.186491,0.000000,0.134878,0.128154,0.000000,0.108069,0.019600,0.075222,0.198535,0.000000,0.000000,0.037790,0.037323,0.033511,0.031313,0.000000,0.035062,0.000000,0.015345,0.016755,0.072860,0.087198,0.052319,0.062164,0.018215,0.030206,0.074574,0.065334,0.060412,0.017815,0.019104,0.031197,0.020721,0.064874,0.040275,0.053444,0.095520,0.033511,0.031197,0.036430,0.136720,0.076416,0.108736,0.087004,0.034174,0.163976,0.034174,0.078890,0.077992,0.130120,0.000000,0.078146,0.019600,0.000000,0.087198,0.000000,0.137549,0.100964,0.316855,0.186512,0.147979,0.176464,0.062351,0.124327,0.144471,0.000000,0.028479,0.045667,0.000000,0.081115,0.030689,0.206470,0.093011,0.138663,0.093939,0.129141,0.047391,0.247764,0.098517,0.017440,0.203692,0.047391,0.095520,0.000000,0.026159,0.000000,0.042718,0.082915,0.081051,0.169154,0.020137,0.120027,0.063098,0.021359,0.085436,0.000000,0.147979,0.089235,0.042718,0.076724,0.053737,0.134688,0.163935,0.111862,0.106795,0.036225,0.042718,0.137761,0.250477,0.045029,0.131597,0.046034,0.065768,0.072206,0.030635,0.124176,0.000000,0.072495,0.028479,0.030206,0.038449,0.128799,0.019104,0.116846,0.185906,0.000000,0.023696,0.024663,0.024663,0.116543,0.067310,0.086953,0.110984,0.006775,0.000000,0.000000,0.000000,0.000000,0.052319,0.000000,0.021359,0.000000,0.048438,0.000000,0.036225,0.000000,0.021528,0.023471,0.060178,0.009932,0.051261,0.054645,0.018644
0.159198,0.121304,0.178402,1.000000,0.123299,0.276246,0.161206,0.166139,0.000000,0.143091,0.133195,0.000000,0.118645,0.097549,0.021775,0.150424,0.130705,0.000000,0.085855,0.104959,0.041464,0.018615,0.081171,0.000000,0.097382,0.019375,0.051142,0.000000,0.000000,0.019375,0.019375,0.000000,0.020236,0.000000,0.000000,0.050809,0.000000,0.039583,0.127343,0.034658,0.023020,0.063063,0.067116,0.019791,0.106119,0.093073,0.000000,0.000000,0.144986,0.000000,0.138059,0.179507,0.132882,0.124643,0.075933,0.029214,0.190621,0.134921,0.000000,0.113530,0.000000,0.000000,0.232495,0.000000,0.195259,0.286650,0.201150,0.099099,0.230159,0.178997,0.069270,0.138123,0.174459,0.082199,0.031639,0.025367,0.028618,0.191495,0.085237,0.245199,0.116248,0.256748,0.069575,0.060409,0.000000,0.227798,0.059699,0.154997,0.163435,0.078975,0.116731,0.056949,0.038749,0.147043,0.023729,0.102350,0.090045,0.080539,0.000000,0.044448,0.046733,0.071187,0.094916,0.023729,0.082199,0.066091,0.023729,0.375042,0.368146,0.207184,0.344014,0.207123,0.000000,0.040244,0.000000,0.094183,0.029292,0.170085,0.172781,0.119332,0.146132,0.160437,0.102101,0.297133,0.035875,0.067116,0.000000,0.000000,0.170862,0.267103,0.084895,0.116147,0.099136,0.000000,0.052650,0.000000,0.000000,0.098647,0.124631,0.068190,0.212349,0.105382,0.000000,0.000000,0.000000,0.000000,0.000000,0.000000,0.000000,0.000000,0.000000,0.101469,0.030183,0.000000,0.000000,0.000000,0.058498,0.088270,0.000000,0.060708,0.000000
0.121046,0.052705,0.049326,0.123299,1.000000,0.000000,0.049029,0.063161,0.000000,0.043519,0.101274,0.000000,0.036084,0.079876,0.000000,0.088957,0.124226,0.000000,0.043519,0.106407,0.012611,0.000000,0.123435,0.037268,0.088852,0.058926,0.025924,0.000000,0.000000,0.000000,0.029463,0.000000,0.061546,0.000000,0.000000,0.088302,0.000000,0.000000,0.064550,0.000000,0.000000,0.027400,0.000000,0.000000,0.032275,0.028307,0.000000,0.000000,0.073493,0.032275,0.052486,0.083992,0.000000,0.014580,0.000000,0.014809,0.105409,0.029311,0.000000,0.071089,0.000000,0.000000,0.029463,0.000000,0.206559,0.132667,0.095590,0.013700,0.066667,0.129619,0.045145,0.105021,0.053060,0.208333,0.064150,0.077152,0.087039,0.085649,0.051848,0.096225,0.058926,0.078087,0.017634,0.126312,0.000000,0.101036,0.015131,0.117851,0.038236,0.080064,0.048412,0.086603,0.014731,0.037268,0.000000,0.124515,0.060858,0.224537,0.000000,0.027037,0.088834,0.036084,0.000000,0.000000,0.000000,0.000000,0.000000,0.155543,0.181568,0.105021,0.123091,0.094491,0.000000,0.015300,0.072169,0.071611,0.022272,0.121716,0.040423,0.051848,0.055556,0.121988,0.051755,0.064550,0.054554,0.081650,0.048113,0.051031,0.129914,0.101545,0.112962,0.083117,0.113067,0.000000,0.080064,0.000000,0.000000,0.065630,0.094762,0.043206,0.156250,0.125914,0.000000,0.000000,0.000000,0.043519,0.000000,0.000000,0.000000,0.043519,0.000000,0.038576,0.045899,0.000000,0.000000,0.039653,0.152499,0.016779,0.000000,0.030773,0.000000
0.177972,0.000000,0.248655,0.276246,0.000000,1.000000,0.411926,0.318397,0.000000,0.000000,0.000000,0.000000,0.000000,0.038348,0.000000,0.000000,0.020874,0.000000,0.000000,0.017880,0.021190,0.023783,0.000000,0.000000,0.000000,0.000000,0.000000,0.047565,0.000000,0.000000,0.099015,0.000000,0.000000,0.000000,0.000000,0.000000,0.000000,0.000000,0.000000,0.000000,0.000000,0.000000,0.000000,0.000000,0.000000,0.000000,0.000000,0.000000,0.017642,0.000000,0.066146,0.052926,0.000000,0.146999,0.048507,0.000000,0.132842,0.147755,0.000000,0.000000,0.000000,0.000000,0.198030,0.000000,0.065079,0.095539,0.289122,0.253225,0.056011,0.261364,0.000000,0.176471,0.160484,0.000000,0.053897,0.000000,0.000000,0.000000,0.000000,0.303170,0.231034,0.065606,0.000000,0.077180,0.000000,0.436564,0.000000,0.000000,0.289122,0.000000,0.189814,0.000000,0.000000,0.000000,0.060634,0.026153,0.076696,0.000000,0.057166,0.068147,0.000000,0.000000,0.000000,0.000000,0.210042,0.000000,0.000000,0.217803,0.127123,0.323529,0.413670,0.158777,0.000000,0.000000,0.000000,0.000000,0.000000,0.000000,0.203771,0.000000,0.140028,0.000000,0.000000,0.162698,0.000000,0.000000,0.000000,0.000000,0.000000,0.195006,0.027116,0.017458,0.000000,0.000000,0.000000,0.000000,0.000000,0.047263,0.015923,0.116162,0.052511,0.000000,0.000000,0.000000,0.000000,0.000000,0.000000,0.000000,0.000000,0.073127,0.091670,0.000000,0.000000,0.000000,0.000000,0.000000,0.000000,0.112777,0.000000,0.000000,0.000000
0.166173,0.062017,0.116084,0.161206,0.049029,0.411926,1.000000,0.099096,0.054924,0.000000,0.119169,0.000000,0.000000,0.116369,0.000000,0.019938,0.029235,0.000000,0.000000,0.041736,0.000000,0.022206,0.013833,0.000000,0.092935,0.000000,0.000000,0.044412,0.048280,0.023113,0.092450,0.000000,0.024140,0.020016,0.049417,0.051952,0.026688,0.000000,0.000000,0.000000,0.027462,0.021494,0.053376,0.023610,0.126592,0.044412,0.041345,0.024140,0.049417,0.025318,0.061761,0.049417,0.045291,0.068626,0.022646,0.000000,0.124035,0.091972,0.024708,0.071700,0.000000,0.110208,0.115563,0.000000,0.081019,0.163543,0.119979,0.204195,0.052298,0.132186,0.011805,0.082385,0.124870,0.000000,0.025162,0.000000,0.000000,0.040313,0.000000,0.132099,0.154083,0.051047,0.000000,0.117103,0.031404,0.192487,0.011869,0.046225,0.209963,0.000000,0.139252,0.022646,0.000000,0.029235,0.056614,0.073258,0.071611,0.048038,0.080064,0.042419,0.069687,0.000000,0.000000,0.000000,0.065372,0.098552,0.028307,0.142354,0.118695,0.151040,0.193122,0.074125,0.000000,0.012002,0.000000,0.014044,0.052414,0.059676,0.126840,0.081345,0.043581,0.000000,0.027067,0.101274,0.000000,0.080064,0.037743,0.000000,0.000000,0.113798,0.075955,0.081503,0.088697,0.000000,0.000000,0.000000,0.000000,0.022065,0.081771,0.081345,0.089887,0.026939,0.000000,0.000000,0.000000,0.000000,0.000000,0.000000,0.000000,0.000000,0.000000,0.000000,0.000000,0.000000,0.000000,0.000000,0.009969,0.131625,0.000000,0.000000,0.000000
0.168199,0.053262,0.199393,0.166139,0.063161,0.318397,0.099096,1.000000,0.000000,0.000000,0.051173,0.000000,0.000000,0.057658,0.033464,0.038528,0.087878,0.000000,0.000000,0.032260,0.012744,0.000000,0.071281,0.000000,0.014965,0.029775,0.000000,0.000000,0.000000,0.000000,0.000000,0.000000,0.000000,0.025786,0.000000,0.022309,0.000000,0.030415,0.000000,0.053262,0.000000,0.000000,0.000000,0.030415,0.032616,0.028606,0.000000,0.000000,0.084881,0.000000,0.039781,0.053051,0.029173,0.176815,0.116692,0.059862,0.079894,0.133293,0.000000,0.020526,0.000000,0.000000,0.119098,0.000000,0.117419,0.095765,0.251164,0.249208,0.050529,0.170288,0.030415,0.141510,0.139415,0.084215,0.032414,0.038984,0.087960,0.034622,0.052396,0.255264,0.119098,0.105218,0.017820,0.092835,0.000000,0.262557,0.091745,0.000000,0.173883,0.000000,0.097849,0.000000,0.029775,0.000000,0.000000,0.062916,0.046127,0.123771,0.000000,0.068308,0.017955,0.000000,0.000000,0.000000,0.168430,0.025392,0.072932,0.078594,0.061163,0.159199,0.217690,0.159152,0.000000,0.061847,0.000000,0.072369,0.022507,0.000000,0.081701,0.052396,0.112287,0.049311,0.034868,0.097849,0.055132,0.123771,0.000000,0.000000,0.049233,0.117280,0.065233,0.104996,0.076176,0.042108,0.121367,0.042108,0.042108,0.066325,0.038306,0.139723,0.084215,0.034704,0.000000,0.043980,0.000000,0.000000,0.000000,0.000000,0.000000,0.000000,0.000000,0.000000,0.015462,0.000000,0.000000,0.000000,0.141270,0.016956,0.000000,0.031099,0.095491
0.076274,0.022140,0.186491,0.000000,0.000000,0.000000,0.054924,0.000000,1.000000,0.146254,0.467979,0.727607,0.242536,0.057522,0.000000,0.042708,0.000000,0.000000,0.000000,0.000000,0.000000,0.023783,0.000000,0.000000,0.000000,0.000000,0.000000,0.000000,0.000000,0.000000,0.000000,0.000000,0.000000,0.000000,0.052926,0.037094,0.057166,0.000000,0.000000,0.000000,0.000000,0.023020,0.000000,0.000000,0.000000,0.000000,0.000000,0.000000,0.052926,0.162698,0.044097,0.052926,0.000000,0.024500,0.000000,0.024884,0.000000,0.000000,0.000000,0.000000,0.000000,0.000000,0.000000,0.000000,0.043386,0.000000,0.000000,0.046041,0.028006,0.000000,0.025286,0.000000,0.000000,0.000000,0.000000,0.000000,0.000000,0.028784,0.000000,0.020211,0.000000,0.000000,0.029630,0.000000,0.000000,0.000000,0.025425,0.000000,0.064249,0.000000,0.000000,0.000000,0.000000,0.000000,0.000000,0.026153,0.000000,0.000000,0.000000,0.045431,0.029854,0.121268,0.000000,0.000000,0.000000,0.084440,0.000000,0.000000,0.000000,0.000000,0.000000,0.000000,0.000000,0.000000,0.000000,0.000000,0.074848,0.000000,0.000000,0.000000,0.000000,0.040996,0.000000,0.000000,0.000000,0.000000,0.000000,0.000000,0.000000,0.000000,0.000000,0.000000,0.042220,0.140028,0.134535,0.140028,0.140028,0.078772,0.063693,0.000000,0.070014,0.000000,0.000000,0.000000,0.000000,0.000000,0.000000,0.000000,0.000000,0.000000,0.000000,0.000000,0.025709,0.000000,0.000000,0.000000,0.021354,0.000000,0.000000,0.000000,0.000000
0.031607,0.082572,0.000000,0.143091,0.043519,0.000000,0.000000,0.000000,0.146254,1.000000,0.290887,0.000000,0.678401,0.143019,0.000000,0.132733,0.051900,0.000000,0.000000,0.044455,0.026343,0.000000,0.073671,0.000000,0.061869,0.000000,0.000000,0.000000,0.000000,0.000000,0.000000,0.000000,0.064282,0.000000,0.000000,0.023057,0.000000,0.062869,0.134840,0.000000,0.000000,0.085855,0.000000,0.000000,0.067420,0.177394,0.110096,0.064282,0.109659,0.067420,0.164461,0.131590,0.180907,0.243658,0.120605,0.092803,0.165145,0.091842,0.000000,0.021214,0.000000,0.000000,0.061546,0.000000,0.026968,0.039590,0.119808,0.057236,0.000000,0.054153,0.031435,0.000000,0.088670,0.000000,0.000000,0.000000,0.000000,0.071566,0.000000,0.050252,0.000000,0.081559,0.110506,0.071961,0.083624,0.030151,0.094821,0.123091,0.159745,0.000000,0.000000,0.000000,0.030773,0.077850,0.000000,0.065026,0.000000,0.000000,0.000000,0.028239,0.000000,0.000000,0.000000,0.075378,0.000000,0.000000,0.000000,0.108306,0.094821,0.073127,0.192847,0.131590,0.075378,0.000000,0.000000,0.000000,0.000000,0.158910,0.126660,0.000000,0.000000,0.050965,0.144150,0.101130,0.113961,0.042640,0.000000,0.000000,0.101768,0.121212,0.067420,0.065110,0.078730,0.000000,0.000000,0.000000,0.087039,0.078341,0.039590,0.018051,0.152318,0.047823,0.000000,0.000000,0.000000,0.000000,0.000000,0.000000,0.000000,0.000000,0.000000,0.080582,0.000000,0.000000,0.000000,0.041416,0.000000,0.070100,0.120605,0.000000,0.000000
0.110329,0.144115,0.134878,0.133195,0.101274,0.000000,0.119169,0.051173,0.467979,0.290887,1.000000,0.306970,0.153485,0.235748,0.000000,0.131275,0.128325,0.000000,0.026444,0.096986,0.030652,0.017201,0.075005,0.000000,0.107981,0.017903,0.015752,0.017201,0.018699,0.053709,0.000000,0.021272,0.000000,0.062017,0.095695,0.060363,0.082690,0.000000,0.078446,0.000000,0.000000,0.066597,0.041345,0.054864,0.137281,0.068802,0.048038,0.000000,0.159491,0.000000,0.127572,0.108454,0.017541,0.088596,0.000000,0.044992,0.224179,0.080147,0.057417,0.117248,0.060363,0.128050,0.089514,0.019612,0.070602,0.092131,0.081318,0.141519,0.070892,0.094515,0.146303,0.021272,0.083827,0.050637,0.029235,0.070321,0.052889,0.124905,0.031505,0.131559,0.035806,0.126531,0.053575,0.118617,0.048650,0.087706,0.091941,0.196932,0.104552,0.048650,0.019612,0.035082,0.053709,0.067937,0.043853,0.113491,0.018490,0.074421,0.000000,0.082144,0.043183,0.043853,0.000000,0.000000,0.025318,0.030535,0.021926,0.094515,0.082747,0.042544,0.130893,0.076556,0.043853,0.046484,0.000000,0.043514,0.162400,0.147920,0.061406,0.094515,0.084395,0.118600,0.094346,0.127475,0.033150,0.161245,0.029235,0.000000,0.157883,0.123407,0.039223,0.113638,0.137409,0.101274,0.121626,0.075955,0.075955,0.108245,0.184261,0.131270,0.297492,0.062600,0.000000,0.000000,0.000000,0.000000,0.000000,0.000000,0.000000,0.000000,0.000000,0.070321,0.009297,0.000000,0.011050,0.012047,0.115831,0.101956,0.000000,0.018699,0.076556
0.000000,0.000000,0.128154,0.000000,0.000000,0.000000,0.000000,0.000000,0.727607,0.000000,0.306970,1.000000,0.375000,0.079057,0.000000,0.000000,0.000000,0.000000,0.000000,0.000000,0.000000,0.024515,0.000000,0.000000,0.000000,0.000000,0.000000,0.000000,0.000000,0.000000,0.000000,0.000000,0.000000,0.000000,0.000000,0.019118,0.000000,0.000000,0.000000,0.000000,0.000000,0.000000,0.000000,0.000000,0.000000,0.000000,0.000000,0.000000,0.036370,0.111803,0.045455,0.000000,0.000000,0.000000,0.000000,0.000000,0.000000,0.000000,0.000000,0.000000,0.000000,0.000000,0.000000,0.000000,0.044721,0.000000,0.000000,0.000000,0.000000,0.000000,0.104257,0.000000,0.000000,0.000000,0.000000,0.000000,0.000000,0.000000,0.000000,0.041667,0.000000,0.000000,0.000000,0.019889,0.000000,0.000000,0.052414,0.000000,0.000000,0.000000,0.000000,0.000000,0.000000,0.000000,0.000000,0.000000,0.000000,0.000000,0.000000,0.000000,0.030773,0.125000,0.000000,0.000000,0.000000,0.000000,0.000000,0.000000,0.000000,0.000000,0.000000,0.000000,0.000000,0.000000,0.000000,0.000000,0.000000,0.000000,0.000000,0.044901,0.048113,0.000000,0.000000,0.000000,0.000000,0.035355,0.000000,0.000000,0.000000,0.000000,0.000000,0.035991,0.000000,0.144338,0.138675,0.144338,0.144338,0.000000,0.000000,0.014967,0.000000,0.019826,0.000000,0.000000,0.000000,0.000000,0.000000,0.000000,0.000000,0.000000,0.000000,0.000000,0.000000,0.000000,0.000000,0.034340,0.000000,0.000000,0.000000,0.000000,0.000000
0.026207,0.068465,0.000000,0.118645,0.036084,0.000000,0.000000,0.000000,0.242536,0.678401,0.153485,0.375000,1.000000,0.197642,0.000000,0.110056,0.043033,0.000000,0.000000,0.036860,0.021843,0.000000,0.061085,0.000000,0.051299,0.000000,0.000000,0.000000,0.000000,0.000000,0.000000,0.000000,0.053300,0.000000,0.000000,0.038236,0.000000,0.052129,0.111803,0.000000,0.000000,0.071187,0.000000,0.000000,0.055902,0.147087,0.091287,0.053300,0.090924,0.055902,0.159091,0.109109,0.150000,0.202031,0.100000,0.076948,0.136931,0.076151,0.000000,0.017590,0.000000,0.000000,0.051031,0.000000,0.022361,0.032827,0.099340,0.047458,0.028868,0.044901,0.130322,0.000000,0.073521,0.000000,0.000000,0.000000,0.000000,0.059339,0.000000,0.083333,0.000000,0.067625,0.091627,0.079556,0.069338,0.025000,0.078621,0.102062,0.132453,0.000000,0.000000,0.000000,0.025516,0.064550,0.000000,0.053916,0.000000,0.000000,0.000000,0.023415,0.000000,0.125000,0.000000,0.062500,0.000000,0.000000,0.000000,0.089803,0.078621,0.060634,0.159901,0.109109,0.062500,0.000000,0.000000,0.000000,0.000000,0.131762,0.105021,0.044901,0.048113,0.042258,0.119523,0.083853,0.094491,0.070711,0.000000,0.000000,0.084382,0.100504,0.055902,0.089977,0.087039,0.144338,0.138675,0.144338,0.216506,0.081196,0.049240,0.029934,0.126295,0.059479,0.000000,0.000000,0.000000,0.000000,0.000000,0.000000,0.000000,0.000000,0.000000,0.066815,0.000000,0.000000,0.000000,0.068680,0.000000,0.058124,0.100000,0.000000,0.000000
0.157461,0.122687,0.108069,0.097549,0.079876,0.038348,0.116369,0.057658,0.057522,0.143019,0.235748,0.079057,0.197642,1.000000,0.000000,0.125290,0.088454,0.000000,0.000000,0.064110,0.062165,0.038761,0.086925,0.020412,0.089222,0.032275,0.042597,0.046513,0.033710,0.064550,0.000000,0.038348,0.000000,0.055902,0.103510,0.175323,0.149071,0.000000,0.088388,0.000000,0.000000,0.112556,0.074536,0.082423,0.088388,0.077522,0.115470,0.050565,0.172516,0.035355,0.172488,0.149514,0.063246,0.087846,0.031623,0.056777,0.158771,0.072243,0.069007,0.100124,0.018137,0.064124,0.048412,0.000000,0.098995,0.093426,0.125656,0.127564,0.100416,0.063896,0.181330,0.019174,0.075561,0.045644,0.026352,0.105644,0.047673,0.131353,0.028398,0.131762,0.086066,0.114053,0.096583,0.169815,0.087706,0.126491,0.107736,0.112962,0.167542,0.021926,0.106066,0.015811,0.104893,0.040825,0.415049,0.392147,0.025000,0.078262,0.111803,0.111065,0.048656,0.000000,0.000000,0.000000,0.068465,0.123858,0.000000,0.056796,0.091162,0.047935,0.134840,0.086258,0.118585,0.033520,0.000000,0.058835,0.182981,0.108333,0.143912,0.056796,0.076073,0.120268,0.066144,0.070711,0.029881,0.313050,0.026352,0.027951,0.097841,0.079455,0.212132,0.165029,0.165145,0.000000,0.065779,0.022822,0.022822,0.138653,0.155710,0.146723,0.239629,0.094044,0.032275,0.023837,0.000000,0.000000,0.032275,0.000000,0.000000,0.000000,0.029881,0.042258,0.025140,0.055902,0.039841,0.097734,0.090487,0.082712,0.047434,0.050565,0.103510
0.000000,0.062828,0.019600,0.021775,0.000000,0.000000,0.000000,0.033464,0.000000,0.000000,0.000000,0.000000,0.000000,0.000000,1.000000,0.403979,0.098725,0.000000,0.000000,0.000000,0.040088,0.000000,0.056055,0.000000,0.000000,0.046829,0.164817,0.179969,0.000000,0.000000,0.093659,0.000000,0.097823,0.000000,0.000000,0.070175,0.054074,0.000000,0.051299,0.000000,0.055641,0.043550,0.054074,0.047836,0.000000,0.000000,0.000000,0.000000,0.083438,0.000000,0.020856,0.033375,0.000000,0.092698,0.000000,0.070613,0.041885,0.139762,0.000000,0.016142,0.000000,0.000000,0.000000,0.000000,0.020520,0.000000,0.000000,0.021775,0.026491,0.082409,0.071755,0.000000,0.000000,0.000000,0.000000,0.000000,0.000000,0.054453,0.000000,0.000000,0.031220,0.000000,0.112110,0.000000,0.000000,0.000000,0.000000,0.000000,0.000000,0.000000,0.000000,0.000000,0.070244,0.000000,0.000000,0.000000,0.024183,0.032444,0.000000,0.000000,0.000000,0.000000,0.000000,0.000000,0.066227,0.000000,0.000000,0.000000,0.000000,0.027821,0.000000,0.000000,0.000000,0.000000,0.000000,0.000000,0.000000,0.000000,0.000000,0.000000,0.000000,0.000000,0.000000,0.051299,0.000000,0.000000,0.000000,0.000000,0.000000,0.000000,0.051299,0.000000,0.000000,0.000000,0.000000,0.000000,0.000000,0.059609,0.000000,0.013735,0.016557,0.000000,0.000000,0.000000,0.000000,0.069171,0.000000,0.000000,0.000000,0.069171,0.000000,0.000000,0.000000,0.000000,0.057807,0.000000,0.000000,0.000000,0.091766,0.097823,0.000000
0.110756,0.120561,0.075222,0.150424,0.088957,0.000000,0.019938,0.038528,0.042708,0.132733,0.131275,0.000000,0.110056,0.125290,0.403979,1.000000,0.166710,0.025416,0.000000,0.090871,0.092310,0.069068,0.118321,0.000000,0.090332,0.035944,0.094880,0.138137,0.018771,0.000000,0.017972,0.021354,0.056314,0.015564,0.019213,0.188523,0.062257,0.000000,0.118125,0.016075,0.021354,0.075212,0.103762,0.036717,0.078750,0.086335,0.000000,0.000000,0.224152,0.000000,0.096049,0.140895,0.000000,0.080045,0.000000,0.054199,0.128598,0.160913,0.019213,0.068143,0.040398,0.014283,0.071889,0.000000,0.070875,0.057804,0.046647,0.025071,0.030500,0.158134,0.146869,0.000000,0.038839,0.000000,0.029348,0.000000,0.026547,0.114939,0.000000,0.073371,0.047926,0.134959,0.129077,0.063040,0.000000,0.035218,0.046148,0.161749,0.034986,0.000000,0.009844,0.000000,0.107833,0.136399,0.022011,0.113930,0.064965,0.112063,0.020752,0.049477,0.075863,0.000000,0.000000,0.000000,0.025416,0.015327,0.022011,0.142320,0.147674,0.170833,0.187713,0.096065,0.088045,0.027998,0.000000,0.054603,0.095100,0.213458,0.024658,0.000000,0.016944,0.148823,0.052617,0.127969,0.000000,0.074709,0.000000,0.000000,0.118870,0.150431,0.059062,0.050701,0.053643,0.050833,0.024419,0.050833,0.025416,0.137259,0.092487,0.036898,0.184269,0.069824,0.071889,0.053093,0.027842,0.026547,0.071889,0.050833,0.066034,0.053093,0.066556,0.141186,0.018666,0.000000,0.088741,0.072564,0.023256,0.051175,0.035218,0.093856,0.019213
0.054133,0.157135,0.198535,0.130705,0.124226,0.020874,0.029235,0.087878,0.000000,0.051900,0.128325,0.000000,0.043033,0.088454,0.098725,0.166710,1.000000,0.000000,0.025950,0.050759,0.052638,0.000000,0.073603,0.000000,0.052981,0.000000,0.139122,0.084395,0.036699,0.087841,0.017568,0.041748,0.000000,0.045644,0.037562,0.118470,0.060858,0.000000,0.076980,0.000000,0.000000,0.065352,0.121716,0.035892,0.153960,0.033758,0.015713,0.000000,0.162770,0.019245,0.133012,0.087646,0.000000,0.052164,0.051640,0.070642,0.078567,0.026216,0.000000,0.018167,0.000000,0.000000,0.122977,0.000000,0.100074,0.056505,0.250795,0.057183,0.168947,0.108206,0.116649,0.146119,0.189832,0.074536,0.047815,0.115011,0.077850,0.091928,0.092748,0.114755,0.023424,0.124165,0.063088,0.109553,0.047741,0.077460,0.108266,0.070273,0.022800,0.000000,0.009623,0.034427,0.017568,0.044444,0.086066,0.176335,0.163299,0.121716,0.000000,0.080608,0.000000,0.064550,0.229510,0.043033,0.074536,0.074911,0.043033,0.061832,0.063155,0.052185,0.091747,0.075125,0.000000,0.063861,0.086066,0.128103,0.212485,0.108866,0.012052,0.092748,0.082817,0.174574,0.102869,0.086603,0.097590,0.097373,0.114755,0.121716,0.164615,0.190300,0.096225,0.179660,0.104876,0.000000,0.167093,0.000000,0.000000,0.061497,0.090408,0.041221,0.161494,0.034128,0.000000,0.000000,0.000000,0.000000,0.000000,0.000000,0.000000,0.025950,0.032530,0.046004,0.000000,0.000000,0.010843,0.000000,0.212176,0.030015,0.000000,0.146795,0.018781
0.000000,0.000000,0.000000,0.000000,0.000000,0.000000,0.000000,0.000000,0.000000,0.000000,0.000000,0.000000,0.000000,0.000000,0.000000,0.025416,0.000000,1.000000,0.087039,0.212814,0.176552,0.113228,0.105802,0.000000,0.029617,0.000000,0.051848,0.000000,0.061546,0.000000,0.058926,0.070014,0.123091,0.051031,0.000000,0.132453,0.068041,0.060193,0.064550,0.000000,0.070014,0.082199,0.068041,0.000000,0.000000,0.000000,0.000000,0.061546,0.041996,0.000000,0.026243,0.000000,0.000000,0.029161,0.057735,0.118470,0.000000,0.058621,0.062994,0.121867,0.000000,0.000000,0.000000,0.000000,0.000000,0.000000,0.000000,0.000000,0.000000,0.000000,0.060193,0.000000,0.021224,0.000000,0.000000,0.000000,0.000000,0.000000,0.000000,0.000000,0.039284,0.000000,0.000000,0.068897,0.080064,0.028868,0.000000,0.000000,0.000000,0.000000,0.000000,0.000000,0.000000,0.000000,0.000000,0.000000,0.000000,0.040825,0.000000,0.000000,0.071067,0.000000,0.000000,0.000000,0.083333,0.000000,0.000000,0.000000,0.030261,0.000000,0.000000,0.000000,0.000000,0.000000,0.000000,0.000000,0.000000,0.000000,0.000000,0.000000,0.000000,0.000000,0.034503,0.000000,0.000000,0.000000,0.000000,0.000000,0.000000,0.000000,0.000000,0.000000,0.025126,0.000000,0.000000,0.000000,0.000000,0.000000,0.000000,0.017283,0.000000,0.000000,0.000000,0.000000,0.000000,0.000000,0.000000,0.000000,0.000000,0.000000,0.000000,0.000000,0.000000,0.000000,0.000000,0.000000,0.000000,0.033558,0.000000,0.000000,0.000000
0.000000,0.000000,0.000000,0.085855,0.043519,0.000000,0.000000,0.000000,0.000000,0.000000,0.026444,0.000000,0.000000,0.000000,0.000000,0.000000,0.025950,0.087039,1.000000,0.133366,0.079030,0.088697,0.073671,0.000000,0.030934,0.000000,0.108306,0.000000,0.064282,0.123091,0.123091,0.073127,0.064282,0.000000,0.000000,0.115286,0.071067,0.062869,0.067420,0.000000,0.073127,0.085855,0.071067,0.000000,0.000000,0.000000,0.000000,0.064282,0.043863,0.067420,0.000000,0.021932,0.060302,0.030457,0.060302,0.154672,0.055048,0.061228,0.065795,0.021214,0.000000,0.000000,0.061546,0.000000,0.107872,0.118771,0.039936,0.057236,0.000000,0.108306,0.000000,0.000000,0.000000,0.000000,0.000000,0.000000,0.000000,0.000000,0.000000,0.000000,0.000000,0.000000,0.000000,0.023987,0.083624,0.030151,0.000000,0.000000,0.000000,0.000000,0.067420,0.120605,0.000000,0.000000,0.000000,0.000000,0.158910,0.042640,0.000000,0.000000,0.000000,0.075378,0.000000,0.000000,0.087039,0.000000,0.000000,0.162459,0.158035,0.036564,0.000000,0.065795,0.000000,0.000000,0.000000,0.000000,0.000000,0.000000,0.000000,0.000000,0.000000,0.101929,0.036037,0.000000,0.000000,0.000000,0.100504,0.106600,0.033923,0.060606,0.000000,0.000000,0.000000,0.000000,0.000000,0.000000,0.000000,0.000000,0.019795,0.000000,0.000000,0.000000,0.000000,0.000000,0.000000,0.000000,0.000000,0.000000,0.000000,0.000000,0.000000,0.000000,0.000000,0.000000,0.000000,0.000000,0.000000,0.000000,0.000000,0.000000,0.000000
0.061824,0.074028,0.037790,0.104959,0.106407,0.017880,0.041736,0.032260,0.000000,0.044455,0.096986,0.000000,0.036860,0.064110,0.000000,0.090871,0.050759,0.212814,0.133366,1.000000,0.392903,0.245784,0.189135,0.057104,0.121018,0.030096,0.105925,0.043374,0.062869,0.030096,0.045145,0.035760,0.188608,0.091225,0.000000,0.107114,0.034752,0.030744,0.082423,0.013460,0.035760,0.146943,0.069505,0.015372,0.082423,0.028916,0.000000,0.031435,0.091161,0.016485,0.087125,0.075074,0.014744,0.059576,0.073721,0.121018,0.080757,0.127249,0.032174,0.129675,0.050738,0.011959,0.060193,0.000000,0.092313,0.077440,0.009765,0.041984,0.068101,0.079444,0.092231,0.035760,0.097561,0.063844,0.098295,0.019703,0.066683,0.061243,0.013241,0.049147,0.040129,0.113002,0.036026,0.093839,0.040893,0.081093,0.023184,0.105338,0.029294,0.000000,0.032969,0.014744,0.030096,0.076139,0.018430,0.039748,0.054396,0.083406,0.017376,0.013809,0.081670,0.036860,0.024574,0.000000,0.042563,0.012833,0.018430,0.079444,0.115921,0.035760,0.062869,0.032174,0.000000,0.007814,0.000000,0.045720,0.034126,0.101021,0.030969,0.066203,0.028375,0.074767,0.070491,0.123634,0.000000,0.093831,0.024574,0.026064,0.074648,0.088911,0.041211,0.053066,0.070582,0.000000,0.020447,0.000000,0.000000,0.095774,0.106480,0.026481,0.133009,0.076004,0.000000,0.000000,0.000000,0.000000,0.000000,0.000000,0.000000,0.022228,0.027864,0.039406,0.039072,0.017376,0.009288,0.040505,0.025963,0.034280,0.000000,0.062869,0.000000
0.036636,0.063806,0.037323,0.041464,0.012611,0.021190,0.000000,0.012744,0.000000,0.026343,0.030652,0.000000,0.021843,0.062165,0.040088,0.092310,0.052638,0.176552,0.079030,0.392903,1.000000,0.359830,0.245502,0.000000,0.080676,0.107006,0.235383,0.274156,0.111765,0.107006,0.124841,0.127143,0.279411,0.139005,0.038132,0.133628,0.164747,0.054654,0.175830,0.095709,0.105952,0.232199,0.123560,0.127526,0.019537,0.068539,0.000000,0.055882,0.139816,0.019537,0.063542,0.038132,0.000000,0.044129,0.052422,0.107568,0.015952,0.088711,0.076263,0.086063,0.000000,0.000000,0.000000,0.000000,0.085961,0.045889,0.046290,0.049757,0.060532,0.023538,0.081981,0.021190,0.070660,0.025222,0.029123,0.070052,0.026343,0.031107,0.000000,0.014562,0.035669,0.047268,0.010674,0.132066,0.072697,0.061159,0.054953,0.017834,0.011572,0.024232,0.009768,0.017474,0.008917,0.000000,0.087370,0.084793,0.073677,0.049424,0.000000,0.032732,0.053773,0.021843,0.000000,0.000000,0.176552,0.000000,0.043685,0.000000,0.036636,0.021190,0.000000,0.019066,0.000000,0.027784,0.000000,0.065022,0.040445,0.018419,0.000000,0.000000,0.016814,0.044305,0.052214,0.019537,0.000000,0.049424,0.029123,0.030890,0.029490,0.017562,0.029305,0.012578,0.045628,0.000000,0.000000,0.000000,0.000000,0.079454,0.051625,0.036615,0.056749,0.013858,0.000000,0.105373,0.110516,0.079030,0.071338,0.100887,0.109213,0.158059,0.099069,0.093403,0.027784,0.000000,0.000000,0.024002,0.007693,0.020313,0.087370,0.000000,0.000000
0.010279,0.026854,0.033511,0.018615,0.000000,0.023783,0.022206,0.000000,0.023783,0.000000,0.017201,0.024515,0.000000,0.038761,0.000000,0.069068,0.000000,0.113228,0.088697,0.245784,0.359830,1.000000,0.203655,0.025318,0.070424,0.060048,0.193729,0.115385,0.062718,0.000000,0.060048,0.142695,0.125436,0.086672,0.000000,0.112480,0.092450,0.061340,0.087706,0.107417,0.071348,0.130302,0.092450,0.020447,0.021926,0.038462,0.000000,0.104530,0.099857,0.043853,0.098058,0.085592,0.019612,0.059432,0.058835,0.100605,0.000000,0.069694,0.064194,0.068993,0.067488,0.015907,0.020016,0.000000,0.043853,0.038627,0.000000,0.018615,0.056614,0.000000,0.051116,0.000000,0.007209,0.000000,0.010895,0.000000,0.000000,0.023275,0.000000,0.000000,0.066720,0.035366,0.000000,0.070210,0.054393,0.068641,0.041117,0.000000,0.000000,0.000000,0.010963,0.019612,0.030024,0.000000,0.000000,0.010574,0.072354,0.027735,0.000000,0.009184,0.012070,0.000000,0.000000,0.000000,0.056614,0.051209,0.024515,0.000000,0.061676,0.011891,0.020906,0.106990,0.000000,0.000000,0.000000,0.012163,0.015131,0.041345,0.041193,0.000000,0.000000,0.000000,0.058601,0.032890,0.037062,0.097073,0.000000,0.000000,0.011032,0.009855,0.043853,0.035292,0.051209,0.000000,0.054393,0.028307,0.028307,0.063696,0.045065,0.029353,0.056614,0.038883,0.000000,0.059131,0.031009,0.000000,0.080064,0.056614,0.049029,0.029566,0.074125,0.052414,0.031182,0.046225,0.061771,0.000000,0.008634,0.022798,0.000000,0.000000,0.000000
0.076841,0.111525,0.031313,0.081171,0.123435,0.000000,0.013833,0.071281,0.000000,0.073671,0.075005,0.000000,0.061085,0.086925,0.056055,0.118321,0.073603,0.105802,0.073671,0.189135,0.245502,0.203655,1.000000,0.063088,0.150412,0.199502,0.175538,0.143756,0.182326,0.124689,0.124689,0.237044,0.208373,0.129580,0.053319,0.186851,0.143978,0.127370,0.218543,0.133830,0.088891,0.208725,0.143978,0.101896,0.054636,0.143756,0.000000,0.078140,0.213276,0.054636,0.111063,0.071092,0.000000,0.074046,0.073302,0.137878,0.044610,0.198471,0.079979,0.094554,0.084083,0.019819,0.024938,0.000000,0.010927,0.016042,0.080909,0.069575,0.056428,0.120683,0.127370,0.029630,0.080839,0.105802,0.027149,0.065302,0.000000,0.043497,0.000000,0.040723,0.033250,0.077110,0.044776,0.184666,0.169419,0.073302,0.102455,0.099751,0.032363,0.000000,0.000000,0.048868,0.024938,0.031544,0.122169,0.144913,0.012878,0.190051,0.000000,0.045769,0.045114,0.000000,0.040723,0.030542,0.141069,0.000000,0.091627,0.065827,0.128068,0.044446,0.078140,0.026660,0.000000,0.064750,0.061085,0.151533,0.056553,0.064389,0.017107,0.000000,0.023512,0.020650,0.073010,0.054636,0.000000,0.103664,0.040723,0.043193,0.054981,0.049114,0.040977,0.026382,0.063801,0.035267,0.033884,0.035267,0.035267,0.055550,0.056146,0.029256,0.149886,0.038755,0.000000,0.073671,0.038633,0.000000,0.049875,0.070535,0.061085,0.036835,0.046176,0.097953,0.038850,0.000000,0.015392,0.050344,0.064539,0.042606,0.000000,0.026047,0.053319
0.000000,0.023570,0.000000,0.000000,0.037268,0.000000,0.000000,0.000000,0.000000,0.000000,0.000000,0.000000,0.000000,0.020412,0.000000,0.000000,0.000000,0.000000,0.000000,0.057104,0.000000,0.025318,0.063088,1.000000,0.238416,0.210819,0.000000,0.000000,0.000000,0.000000,0.105409,0.000000,0.110096,0.091287,0.112687,0.217195,0.000000,0.000000,0.115470,0.000000,0.000000,0.024507,0.000000,0.053838,0.000000,0.000000,0.000000,0.000000,0.018781,0.057735,0.046945,0.000000,0.000000,0.078246,0.103280,0.052981,0.000000,0.000000,0.000000,0.018167,0.000000,0.000000,0.000000,0.000000,0.000000,0.033903,0.000000,0.000000,0.000000,0.092748,0.000000,0.000000,0.000000,0.074536,0.028689,0.000000,0.000000,0.000000,0.000000,0.000000,0.035136,0.023281,0.000000,0.041082,0.000000,0.000000,0.000000,0.000000,0.000000,0.000000,0.259808,0.051640,0.263523,0.000000,0.000000,0.000000,0.000000,0.073030,0.060858,0.000000,0.127128,0.000000,0.000000,0.000000,0.000000,0.000000,0.000000,0.139122,0.216533,0.000000,0.000000,0.000000,0.000000,0.000000,0.064550,0.096077,0.000000,0.027217,0.036155,0.000000,0.000000,0.000000,0.000000,0.000000,0.000000,0.000000,0.000000,0.000000,0.000000,0.000000,0.000000,0.000000,0.000000,0.000000,0.000000,0.000000,0.000000,0.033544,0.016952,0.015458,0.018634,0.000000,0.000000,0.155700,0.000000,0.000000,0.000000,0.000000,0.000000,0.000000,0.000000,0.000000,0.027369,0.060858,0.032530,0.035466,0.045466,0.030015,0.000000,0.000000,0.000000
0.064531,0.121756,0.035062,0.097382,0.088852,0.000000,0.092935,0.014965,0.000000,0.061869,0.107981,0.000000,0.051299,0.089222,0.000000,0.090332,0.052981,0.029617,0.030934,0.121018,0.080676,0.070424,0.150412,0.238416,1.000000,0.272255,0.036854,0.020121,0.021874,0.000000,0.041885,0.049767,0.065622,0.000000,0.000000,0.070613,0.048365,0.042786,0.091766,0.056195,0.049767,0.116858,0.072548,0.042786,0.091766,0.120727,0.093659,0.021874,0.126869,0.000000,0.083944,0.082092,0.020520,0.041456,0.000000,0.052632,0.131122,0.083338,0.022389,0.115500,0.000000,0.066574,0.062828,0.000000,0.000000,0.094302,0.013589,0.058429,0.106623,0.073708,0.021393,0.000000,0.030173,0.118470,0.113998,0.082261,0.092803,0.073057,0.000000,0.034199,0.083771,0.092509,0.025069,0.106109,0.085367,0.041039,0.000000,0.104713,0.013589,0.000000,0.080296,0.020520,0.041885,0.052981,0.000000,0.033190,0.000000,0.072548,0.024183,0.038437,0.101031,0.000000,0.034199,0.000000,0.029617,0.071440,0.025649,0.110563,0.118307,0.024884,0.087496,0.044777,0.000000,0.010875,0.000000,0.012726,0.047494,0.151407,0.057466,0.000000,0.000000,0.034684,0.036788,0.103237,0.000000,0.087057,0.000000,0.000000,0.080802,0.092803,0.068825,0.066466,0.062510,0.000000,0.000000,0.000000,0.000000,0.046651,0.060623,0.030712,0.148087,0.073229,0.000000,0.000000,0.000000,0.000000,0.020943,0.000000,0.000000,0.000000,0.019389,0.054841,0.032626,0.048365,0.038778,0.000000,0.018066,0.059634,0.000000,0.000000,0.000000
0.000000,0.074536,0.000000,0.019375,0.058926,0.000000,0.000000,0.029775,0.000000,0.000000,0.017903,0.000000,0.000000,0.032275,0.046829,0.035944,0.000000,0.000000,0.000000,0.030096,0.107006,0.060048,0.199502,0.210819,0.272255,1.000000,0.219971,0.160128,0.087039,0.041667,0.083333,0.099015,0.174078,0.144338,0.000000,0.093659,0.144338,0.085126,0.182574,0.111803,0.099015,0.135622,0.096225,0.127688,0.000000,0.080064,0.000000,0.174078,0.103935,0.000000,0.037113,0.014848,0.000000,0.103098,0.000000,0.146599,0.000000,0.062177,0.089087,0.100535,0.000000,0.000000,0.000000,0.000000,0.000000,0.026803,0.000000,0.000000,0.023570,0.036662,0.021281,0.000000,0.015008,0.058926,0.000000,0.000000,0.000000,0.000000,0.000000,0.017010,0.027778,0.036811,0.000000,0.032478,0.000000,0.000000,0.000000,0.083333,0.000000,0.000000,0.000000,0.000000,0.000000,0.000000,0.000000,0.000000,0.021517,0.057735,0.000000,0.000000,0.050252,0.000000,0.000000,0.000000,0.058926,0.000000,0.051031,0.000000,0.042796,0.000000,0.000000,0.000000,0.000000,0.000000,0.000000,0.050637,0.000000,0.000000,0.028583,0.000000,0.000000,0.000000,0.000000,0.000000,0.000000,0.000000,0.000000,0.000000,0.000000,0.000000,0.022822,0.000000,0.000000,0.000000,0.000000,0.000000,0.000000,0.079556,0.026803,0.024441,0.014731,0.032376,0.000000,0.123091,0.129099,0.061546,0.083333,0.117851,0.153093,0.123091,0.077152,0.109109,0.064911,0.048113,0.025717,0.000000,0.000000,0.023729,0.081650,0.000000,0.000000
0.000000,0.098374,0.015345,0.051142,0.025924,0.000000,0.000000,0.000000,0.000000,0.000000,0.015752,0.000000,0.000000,0.042597,0.164817,0.094880,0.139122,0.051848,0.108306,0.105925,0.235383,0.193729,0.175538,0.000000,0.036854,0.219971,1.000000,0.281788,0.114876,0.073324,0.183309,0.130682,0.153168,0.127000,0.039193,0.137348,0.211667,0.112351,0.200805,0.032791,0.087121,0.170474,0.127000,0.074901,0.000000,0.035223,0.000000,0.038292,0.091451,0.000000,0.081639,0.013064,0.071842,0.090714,0.035921,0.092136,0.032791,0.072945,0.078386,0.037911,0.000000,0.000000,0.000000,0.040161,0.096386,0.070750,0.047579,0.085237,0.082956,0.064516,0.224702,0.087121,0.026410,0.000000,0.000000,0.048002,0.000000,0.021315,0.000000,0.000000,0.024441,0.016194,0.021942,0.085732,0.099627,0.035921,0.037656,0.036662,0.000000,0.000000,0.040161,0.035921,0.000000,0.000000,0.089803,0.077469,0.132524,0.050800,0.000000,0.050465,0.000000,0.044901,0.000000,0.000000,0.207390,0.000000,0.044901,0.000000,0.037656,0.065341,0.000000,0.000000,0.044901,0.038076,0.044901,0.044555,0.055427,0.000000,0.000000,0.000000,0.000000,0.091077,0.021467,0.100402,0.000000,0.000000,0.059868,0.063500,0.040414,0.054153,0.080322,0.025857,0.031265,0.051848,0.099627,0.051848,0.051848,0.023333,0.106125,0.086022,0.064809,0.042731,0.073324,0.108306,0.113592,0.054153,0.109985,0.103695,0.134704,0.108306,0.101827,0.144005,0.038076,0.042333,0.022628,0.000000,0.015813,0.000000,0.071842,0.000000,0.000000
